[app/install/install_source_checksum]
version = 7.0.2
modtime = 1533028926.106391000

[indexes/sap]
owner = admin
version = 7.1.1
modtime = 1530629005.880943900

[user_input_setup/input_configuration]
version = 7.0.2
modtime = 1532697617.200405000

[app/install/is_configured]
version = 7.0.2
modtime = 1532697620.349751000
